1 53.585519339368027 7.1608904985902064e-15
0.80000000000000004 0.97685236316877433 0.79172788502787916 1.1835773127218223 0.99640584712748959 1.0994709858742227 1.1023767996360698 0.74889761030220214 0.8463473992814321 1.3374917459366693 0.93002614203629785 0.91029298572022965 1.1337482179812448 0.73937110439115528 0.97064042869682809 0.79715097144924318 1.1162865538684945 1.1915504884364165
0 0 0 0 0 -1.9721522630525295e-31 0 0 0 0 0 0 0 0 0 0 0 0
8.2016486738579057e-05 0.74241626298568497 -4.1322030711102513e-05 -0.015191768363533177 9.8031672199781543e-19 1.2246852959445246e-18 9.0756196680681626e-18 0.00034907099900568042 0.0086696177848805886 0.0029740634276610189 0.0031676582846845909 -4.832344350424818e-06 -1.0990117431637718e-06 -0.0022381338745053082 0.0055467784796298164 -0.0045662313234141258 0.00025742815257075673 -0.0076435636722069706
-0.00048946335244243015 0.0026987702505179081 0.00025973588528026249 0.10024870334071334 -5.855513201213849e-18 -7.340171448098109e-18 -5.5803290497734415e-17 -0.0066513331576683434 -0.018711315096275438 -0.019648286097302098 -0.03011125631180922 3.7184313690064337e-05 7.1093900467093543e-06 0.085300036429797277 -0.038015725309942211 0.16270426893967876 -0.010850798481070543 0.05134404409118376
0.00023358744533572299 -0.0010555832694306288 -0.00011625278860851223 0.89359159099252394 2.7915811175048665e-18 3.4847001821026517e-18 2.5664108591399081e-17 0.00094503987779402763 0.023242859103114213 0.0080150508380759863 0.0085473971650945821 -1.3200466515491692e-05 -3.0753821406993928e-06 -0.0061657197834870609 0.014931585473496592 -0.012350142826829889 0.0006386959309298291 -0.020545884918595735
1.4063445436306693e-07 -1.6685581205792377e-07 -6.7951230574081171e-08 -3.8731329029418476e-06 1.6824976609789842e-21 2.0979415247838595e-21 1.5250660898781382e-20 1.6828512390183216e-06 -1.2118885110103464e-05 1.5547073498284152e-06 5.114583951725156e-06 -6.4798745750960986e-09 -1.7665740596435852e-09 -2.8295854868389848e-05 2.4711354023425336e-06 -5.1177953373935693e-05 2.6914961298541915e-06 -2.5094649638368952e-06
-0.0004281326496619782 0.00060398088216850887 0.00020784558528500548 0.015733182586868288 -5.1219801217275346e-18 -6.3883585498199174e-18 -4.6542746889367683e-17 -0.0051736550900664119 0.03427222269912189 -0.0053493863535598596 -0.01612820501911405 2.0375542476388023e-05 5.4186819007902532e-06 0.085771817078560186 -0.0088528276290245067 0.15549870981310132 -0.0082911794477599499 0.0095740282291996159
-0.0028432954673462945 0.0099939972965568113 0.0014439535686258005 0.34970121584272107 -3.4014447805548555e-17 -4.253101802959335e-17 2.5955815840368439e-14 -0.037004282327614005 0.059481275947370627 -0.07500020078386993 -0.14192186672553597 0.0001763322254936555 3.8621947951503029e-05 0.53870909368720588 -0.14180097184590235 1.0001565722370169 -0.060086663733377066 0.18398243720537488
9.8408682748321228e-05 -0.00019337080713721991 -4.83397649221871e-05 -0.0058540392093251459 1.1772972326642794e-18 1.4693276908668019e-18 1.0764453879188392e-17 0.0012163488883709462 -0.0063739817320790371 0.0015831251547481773 0.0040242818539052705 -5.0539951738842384e-06 -1.2689439025196001e-06 -0.019480983858279344 0.0027907983249510215 -0.035528199574167363 0.0019578895805505894 -0.0032989596869493765
-0.004110729710990896 0.020605732421560868 0.0020910223656079828 0.79871696950871252 -4.9139266262985801e-17 -6.1425333536513811e-17 -4.5738193300077314e-16 -0.018280074584944246 0.16617674213362532 -0.15592783891479228 -0.16596545874939425 0.00025061080743922173 5.5856773630462231e-05 0.11565298892391788 -0.29112860666698614 0.23946648545238744 -0.014420911477100385 0.40165436727484954
-0.00012741558560673574 0.0010679935718471373 7.2669041936313788e-05 0.041773724645775515 -1.5246498669031121e-18 -1.9197550877675808e-18 -1.5139295222567849e-17 -0.0010247776208207014 -0.023474490259949077 0.038445731691294532 -0.0086409234361598964 1.1563086153041425e-05 2.0449134928195979e-06 0.0062423340100068083 -0.015012851882024622 0.014448682654978992 -0.0013460562577903368 0.020921203179207645
0.0016536111056059133 0.041546092188667075 -0.00054825266748438606 1.7528851228730888 1.9871725574704842e-17 2.4315798363036934e-17 1.499565053658577e-16 -0.051099813576108433 -0.96252537976975627 -0.14278383965142721 -0.17189689179953521 0.00016981846239740663 -1.0210374233300912e-05 0.27589684535181402 -0.56626744196811296 0.36293622456608254 -0.11228684999131547 0.84884417781651333
-0.0096216211488198405 0.078608947518447547 0.0054511969518296014 3.0741848166263051 -1.1512523024875918e-16 -1.4489560570412309e-16 -1.1387972237245391e-15 -0.074546888617131477 -1.7335422665232858 -0.58818226288695286 -0.63433524097040295 0.059866049612891742 0.00015295813213269091 0.44969484133181792 -1.1052504502214713 1.0401381893482373 -0.096028764415533124 1.5397503324440471
0.0037573502160822524 -0.028679365781013988 -0.0020924422443927351 -1.0959609546404518 4.4953076746705538e-17 5.6514191799256956e-17 4.3998504746384106e-16 0.051624668228526648 0.39596056573054339 0.20801351564219184 0.27644410429696908 -0.00034137530291914397 -4.8217597429342904e-05 -0.56686081985052228 0.40276892525698904 -1.1230422381653569 0.083852440914677986 -0.55437408281541822
0.0041689968159791691 0.024675378299271654 -0.0016917253312289781 1.063746002195322 4.9872550699488265e-17 6.1630416616494745e-17 4.1386233272479716e-16 0.014357825563853448 -1.2685189662249399 -0.16851644770729324 -0.06763896537423264 3.6245375538981303e-05 -3.8942835397416019e-05 -0.44199367798700939 -0.34781850850785007 -1.6407375571637179 0.008934965865581776 0.50931682828595648
-0.0072798291230381125 -0.045452208346378711 0.0029089791814892567 -1.9517638554755008 -8.7035813991558374e-17 -1.0748007440021824e-16 -7.1688452925918013e-16 -0.027630442989933501 2.4300196173517663 0.34385294420327778 0.15193953752235062 -8.3890903903775002e-05 6.6196015840135126e-05 1.8311888612528595 1.3091299087152084 3.5085078879286562 -0.021352571345019923 -0.75406179155491204
0.0014010411823461915 0.00683999513827422 -0.00057458163214983899 0.29676565100466368 1.6756226372236366e-17 2.0717319294616898e-17 1.3975628293470814e-16 0.0066386194313830622 -0.40701559973644991 -0.055000081244812295 -0.019515511046978171 4.8074594073783264e-06 -1.3352374495427718e-05 -0.38539974446415348 -0.090805318977813437 0.26594644403985729 0.0067631973422562861 0.14240322468802397
0.04176682406217376 0.36725752470355683 -0.014689448119242648 15.444995213905896 4.9935628281414302e-16 6.1365182748426064e-16 3.8839859976545242e-15 0.56688389897977542 -17.359179871839054 -3.0790440153133471 -1.0618373056494534 0.0014165672980843804 -0.00029785116537320788 -14.731898349085846 -5.171821520648753 -23.160674169914387 0.9726060367497853 7.4921048667671304
-4.0207554612538244e-05 8.8848079419834289e-05 1.8519531510817868e-05 0.0032853805860405061 -2.4568071489140908e-19 -3.0446105604889099e-19 -2.0936299130372509e-18 -0.00023053930374148141 0.0042279979423416603 0.00053900906084378532 -9.4616736418008717e-05 1.5315432355195326e-06 4.6922146710743622e-07 0.00943845221574343 0.0043177360013794833 0.017188701784492021 -0.00026885956984334762 0.99469214810112017
0.027465135023189591 5.1969704288352832e-08 -0.00019728543229035405 3.9176430833779228e-08 2.7262237070800162e-06 -0.0020328687839608209 -0.0019713018877552139 0.00017177668289701718 -4.5891830916992712e-06 -3.2565927501137934e-06 0.00058741303194606261 -0.00021013001312658881 0.00096979615756478466 0.00039869116947621654 -0.00069796226208095969 0.00011525134639195167 0.0043411169301750914 -3.4105948363187942e-07
