1 0.0275 0.0275 0 1
0.8 0.9768523631687743 0.7917278850278792 1.1835773127218223 0.9964058471274896 1.0994709858742227 1.1023767996360698 0.7488976103022021 0.8463473992814321 1.3374917459366693 0.9300261420362979 0.9102929857202297 1.1337482179812448 0.7393711043911553 0.9706404286968281 0.7971509714492432 1.1162865538684945 1.1915504884364165
-0.002825396893735083 -0.0027149056228525695 0.0012081654608688387 0.00018749697797325392 0.9756449339755107 0.00012984889279996016 0.0008510288410857622 -0.001310388952627525 1.2671389987941062e-06 3.5053787011656756e-05 0.0003538573648075716 3.7193592225065405e-07 0.0016818041382561629 0.010199590386594942 -0.002327582559373631 -0.0004306364350955835 -0.000542992929335516
0.0006655674833996754 -0.0034244087848943716 0.007998096265865229 -0.0023257515575585263 0.00039602956023199735 0.004625745277192892 -0.006941378792250797 0.007440863604505927 1.8053581682416072e-05 0.0009313797104632163 0.015258722242439229 0.00025427437652120394 0.7761798539666318 0.01895740304808698 -0.002440310399770752 -0.00042605423932055874 -0.0005556603230501721
-0.03144240203683755 0.09384323491412153 0.0007373599665343537 -0.003797827662630926 0.00030701107111707983 0.0005395895404711463 0.0019935556681988484 -0.001832760481676734 2.7863017722049485e-06 7.726896109959019e-05 0.0007931833467955203 8.367952959585709e-07 0.08548993357516163 0.5259939606529711 -0.12072275408761309 -0.02232058235393063 -0.028148754374486818
6.775820625873963e-07 1.4544991688463549e-06 -2.1579587359043477e-06 3.6145440539131894e-07 -6.78391489293897e-08 1.0076292457839668e-07 1.4691754446919485e-06 -2.101458517610622e-06 -3.8119688718945694e-10 -1.101756501657929e-07 -1.9511760787085993e-06 -1.899184130531644e-08 6.685989921537939e-06 -0.0005994026193721725 0.06645433102819986 0.6136704502658237 -0.7821870954071894
-0.0019353651605117756 -0.0043758859583373725 0.0066250698077982674 -0.001155612946339829 0.00021477454741925388 -8.459620510746641e-05 -0.00455309582840421 0.0064413991091121815 1.719760313581469e-06 0.0003587483525748379 0.006295098463443076 6.137798382179777e-05 -0.019176614707836426 -0.1463199173204205 -1.0826920141888323 0.04301299529189945 -0.05813096391599027
-0.004597767234473458 -0.025054296854649133 0.046291624088127634 -0.010876301479611264 0.0019047749929194569 0.013399256232693325 -0.035338004679268765 0.04420125279080017 5.2527954278846936e-05 0.0038801519649744047 0.06472279589931532 0.0007292709596394664 -0.17226803047408695 0.7675306710864594 -0.030832874867808942 0.0022454502270908626 -0.0014785769398305492
0.0003715529787043763 0.0009739136410689207 -0.0015507523619353893 0.00029625734252610456 -5.394182371867708e-05 -0.00010710700198443032 0.0010925415077427765 -0.0015015263017062739 -7.306235098109537e-07 -9.583546712096594e-05 -0.0016507654662715314 -1.6415454609043106e-05 0.004718245541369102 0.02363720345680377 -0.006792438637243353 0.5888693463688742 0.4614074311832155
0.09869849272284417 0.08151612773183758 -0.030063849352027685 -0.020679470680993267 0.009707474724224733 -0.0030011970405862563 -0.048500701720467373 0.20670378549359072 -7.766595641606151e-05 -0.0021445602248896904 -0.02131212899523295 -2.227803916956182e-05 -0.02921537248465439 -0.2097096689571771 0.048723342686955974 0.009050420187083458 0.011391522071791204
0.001533752874897372 0.0007469342791441253 0.00044276638886298373 -0.0005576647848913199 9.605776880674997e-05 0.0020344184380672375 -0.0023394255060197695 -2.9345814027147377e-05 0.00010548165355241458 0.003708872508340695 -0.01399170117544501 -5.530341506367543e-06 -0.06098478668011682 -0.3624023150447676 0.0789303082372554 0.014754098111647738 0.01854563004126437
0.019851648948187025 -0.043925732348822695 0.11533438881295492 -0.048553495619901604 0.004389639594974313 0.09600473410320683 -0.011179860234128107 0.08589881553164616 -0.0005930498435778352 0.010136203640603157 0.20547265437828197 0.0003539962744384078 -0.05299788555756463 -0.269338200441271 0.055915443457458136 0.010482713353142884 0.013172616890916894
0.11656591566868253 0.05894377660831855 0.029287094640863626 -0.04131985474436029 0.007149803866970964 0.1454695630750703 -0.17671611164090575 -0.006981952141952499 -0.9102862054219395 -0.9090979338507247 -0.7051283175414301 -0.000356996637748143 4.999269031477279e-05 0.00025740386826870435 -5.524500725268545e-05 -1.0279590402785396e-05 -1.2946590724457173e-05
-0.018356431333242697 0.016354606903618563 -0.057818342056287275 0.020825354076249903 -0.0034912637379600664 -0.05477380519259746 0.06049985289975688 -0.05126915855042774 -0.00024189584025848836 -0.00962697262596235 -0.15846980580929887 -1.1337444703850432 0.00022087754822832297 0.0004641727948118094 -7.666026457882417e-05 -1.4212871368678276e-05 -1.801383266563775e-05
0.0038295885702711798 -0.0008892860801930728 -0.0006447339078558773 -0.025931509156207552 -0.0055694480788848425 0.08931182756033948 0.015964647972103705 -0.1612866305799226 0.0003318338735669943 0.00502208154212035 0.06280037536580026 0.00023360816443710817 0.0066156287020246425 0.005344171152751954 -0.00020276674826580352 -4.777907734029809e-06 -2.5295126812894107e-05
0.30480016674197635 0.009743370381049842 0.052268573541105444 0.07715701685016287 0.0453403084687998 -0.1621638927986063 -0.019250605930248455 -0.34670986745439897 -0.0005243663337168661 -0.008585881114417946 -0.10898386805178353 -0.0004057624728734889 -0.024964607912909307 -0.15038495195197116 0.03419943668794239 0.006330541747165201 0.007981167187104666
0.0028238110682412376 0.002398191797391225 0.00045192930918363014 0.019046393227971328 0.001222144730649231 0.027244167803349238 0.004308505371656477 0.0043855230223886306 8.800827438417959e-05 0.001470063648544974 0.018533861993799753 6.748413442588537e-05 0.009535670651351226 0.008089206085928079 -0.0003149292484881233 -1.2391728217950397e-05 -4.301628677283094e-05
0.9167690018975436 1.1034362097240697 -1.093674963024968 0.03622845290314654 -0.0004500737856050725 1.0415961074218174 0.03466378153873615 -0.9685099012327169 0.004165088576191157 0.053269670813264385 0.6181632050410775 0.0026144585031148745 -0.004559248930445559 -0.007737485166673938 0.00019712425706194505 6.011515371431652e-05 7.028724666171899e-05
0.5267427959591721 -0.005824898682736007 -0.0006836641564343046 -0.0026206929924164958 -0.0011620604574669928 -0.00023336979338854806 -7.973734343156323e-05 0.004285992923755434 3.623067272705634e-07 -1.2941509918455051e-05 -0.000164290514183449 -2.594317884092571e-07 0.0459474023505976 0.28059277825196766 -0.06421494128557133 -0.011876590339910528 -0.014976570803672831
14
1 8.353876140631506e-11
1 1.1803169975844396e-11
2 5.324864955481622e-12
1 4.4194191121543216e-13
2 7.556670502125166e-12
1 4.99012656019274e-13
1 1.157161175113665e-12
1 1.1571714907850265e-12
1 1.3921421954093972e-13
1 1.1624863745180636e-13
1 1.1324037221239085e-13
1 1.15032633357214e-13
2 1.1968422929614504e-13
1 1.132381965549558e-13
